Iris
LR : 0.966667
LDA: 0.983333
KNN: 0.975000
RF : 0.966667
NB : 0.950000
SVM: 0.983333
---------------
Snails
LR : 0.416666
LDA: 0.458333
KNN: 0.361111
RF : 0.347222
NB : 0.375
SVM: 0.388888
---------------
Diabates
LR : 0.798701
LDA: 0.785714
KNN: 0.759740
RF : 0.759740
NB : 0.779220
SVM: 0.675324
---------------
Bridges
LR : 0.777778
LDA: 0.866667
KNN: 0.919444
RF : 0.965278
NB : 0.787500
SVM: 0.918056
---------------